20240101
20240226
20240408
20240412
20240415
20240416
20240501
20240506
20240522
20240603
20240722
20240729
20240812
20241014
20241023
20241205
20241210
20241231
20250101
20250212
20250407
20250414
20250415
20250501
20250505
20250512
20250602
20250603
20250710
20250728
20250811
20250812
20251013
20251023
20251205
20251210
20251231
20260101
20260102
20260303
20260406
20260413
20260414
20260415
20260501
20260504
20260601
20260603
20260728
20260729
20260812
20261013
20261023
20261207
20261210
20261231
